16
58
69
70
86
88
94
99
100
126
135
150
171
173
174
176
200
207
217
244
252
258
272
299
307
327
332
342
347
352
360
367
395
438
442
467
484
540
554
564
568
596
648
666
703
708
717
722
733
763
766
775
789
798
801
802
831
871
874
899
900
918
956
984
998
1016
1039
1044
1070
1082
1098
1100
1110
1153
1159
1161
1169
1177
1183
1185
1187
1188
1193
1195
1208
1209
1211
1227
1277
1326
1350
1364
1386
1412
1468
1491
1496
1506
1547
1561
1563
1575
1590
1603
1608
1627
1655
1657
1667
1669
1680
1696
1703
1732
1741
1797
1839
1844
1852
1860
1871
1887
1890
1898
1904
1919
1920
1931
1961
1963
1980
1992
2001
2016
2020
2027
2032
2051
2063
2087
2101
2113
2126
2136
2186
2195
2211
2264
2283
2349
2354
2365
2375
2378
2390
2391
2392
2394
2404
2405
2417
2420
2434
2459
2460
2462
2473
2489
2501
2506
2516
2531
2544
2557
2559
2600
2606
2614
2657
2660
2667
2671
2673
2674
2679
2682
2684
2689
2697
2699
2714
2731
2751
2760
2779
2783
2814
2815
2828
2829
2839
2841
2881
2908
2933
2936
2955
2964
2967
2979
2988
2992
3005
3015
3027
3029
3040
3052
3056
3076
3100
3116
3144
3183
3199
3220
3267
3313
3323
3365
3370
3382
3435
3437
3449
3463
3477
3478
3491
3492
3495
3505
3516
3521
3524
3530
3535
3537
3550
3562
3573
3583
3584
3622
3631
3636
3645
3653
3655
3661
3670
3671
3677
3678
3683
3686
3707
3733
3734
3744
3767
3770
3779
3782
3794
3822
3831
3833
3861
3862
3866
3880
3889
3890
3901
3903
3906
3923
3924
3928
3941
3949
3952
3962
3970
3972
3973
3979
3982
3993
3994
4012
4025
4042
4064
4070
4079
4091
4096
4133
4136
4161
4177
4182
4203
4236
4246
4274
4330
4334
4371
4374
4399
4415
4417
4486
4539
4545
4572
4574
4577
4580
4581
4610
4647
4667
4683
4686
4695
4696
4697
4724
4728
4737
4751
4770
4806
4812
4868
4869
4870
4884
4891
4915
4917
4929
4939
4955
4964
4966
4971
4975
5018
5029
5041
5076
5083
5097
5098
5126
5130
5139
5140
5156
5170
5181
5182
5183
5195
5242
5268
5269
5294
5332
5356
5396
5431
5436
5459
5501
5506
5516
5526
5558
5562
5564
5574
5592
5594
5596
5599
5620
5637
5639
5643
5657
5668
5729
5738
5743
5836
5841
5850
5880
5882
5947
5992
6029
6071
6086
6088
6099
6114
6155
6198
6213
6239
6253
6267
6281
6283
6295
6296
6297
6302
6310
6311
6312
6324
6326
6328
6339
6340
6342
6351
6365
6393
6394
6409
6435
6438
6440
6450
6466
6520
6524
6551
6561
6575
6618
6619
6645
6659
6660
6668
6670
6675
6676
6723
6747
6756
6766
6789
6796
6825
6826
6833
6849
6850
6858
6865
6869
6896
6906
6934
6936
6938
7003
7059
7060
7087
7106
7134
7162
7216
7244
7255
7270
7271
7273
7311
7367
7382
7402
7409
7536
7554
7570
7596
7608
7647
7649
7651
7659
7667
7673
7679
7681
7689
7691
7692
7695
7707
7711
7761
7766
7772
7786
7791
7798
7849
7875
7876
7894
7918
7920
7931
7935
7945
7946
7959
7961
7976
7977
7989
7991
7994
8004
8005
8016
8043
8050
8051
8068
8071
8072
8079
8115
8118
8144
8154
8176
8226
8228
8269
8271
8283
8311
8326
8327
8328
8341
8342
8358
8377
8383
8401
8409
8415
8433
8434
8445
8464
8466
8475
8490
8501
8517
8518
8520
8530
8534
8543
8604
8641
8664
8720
8729
8731
8767
8768
8772
8825
8830
8840
8851
8854
8872
8903
8913
8916
8923
8936
8980
9041
9042
9052
9067
9077
9089
9099
9111
9124
9135
9147
9159
9160
9173
9188
9195
9202
9209
9211
9214
9219
9319
9333
9347
9353
9357
9384
9396
9421
9422
9434
9449
9460
9461
9489
9508
9518
9533
9548
9550
9552
9563
9576
9599
9635
9638
9653
9662
9664
9680
9692
9713
9719
9722
9723
9730
9740
9745
9748
9756
9757
9758
9761
9774
9784
9798
9804
9806
9808
9812
9815
9816
9836
9838
9847
9852
9868
9879
9882
9883
9907
9918
9919
9939
9952
9954
9957
9987
10005
10035
10037
10047
10049
10072
10084
10143
10159
10168
10182
10183
10184
10204
10216
10218
10242
10251
10252
10265
10266
10276
10279
10287
10288
10289
10311
10312
10335
10336
10385
10396
10397
10432
10444
10469
10493
10495
10504
10505
10543
10552
10554
10562
10570
10582
10584
10586
13471
10598
10688
10700
10708
10711
10718
10731
10799
10833
10892
10893
10928
10929
10930
10941
10973
10981
11002
11012
11071
11081
11115
11123
11133
11137
11149
11159
11161
11166
11178
11180
11190
11191
11192
11197
11200
11201
11202
11203
11225
11226
11237
11240
11251
11270
11272
11300
11319
11322
11333
11344
11351
11363
11376
11380
11401
11424
11449
11507
11517
11519
11552
11557
11563
11566
11568
11576
11578
11602
11614
11623
11639
11686
11696
11723
11757
11759
11785
11794
11797
11807
11812
11813
11816
11822
11823
11825
11828
11830
11831
11833
11834
11835
11843
11845
11848
11859
11860
11883
11889
11891
11896
11899
11904
11905
11922
11923
11925
11935
11937
11961
11962
11963
11972
11976
11985
11996
11998
12036
12050
12068
12078
12085
12086
12098
12116
12138
12147
12156
12157
12178
12202
12209
12214
12225
12226
12262
12285
12286
12297
12298
12300
12309
12310
12333
12335
12345
12346
12347
12371
12372
12382
12384
12386
12393
12405
12454
12456
12457
12489
12494
12516
12517
12518
12526
12533
12538
12545
12579
12599
12601
12609
12611
12620
12623
12634
12636
12638
12640
12643
12644
12647
12648
12656
12660
12662
12672
12674
12678
12689
12691
12698
12702
12708
12711
12718
12719
12729
12739
12741
12747
12770
12782
12784
12786
12796
12810
12821
12829
12833
12834
12853
12856
12866
12875
12901
12902
12903
12916
12923
12925
12928
12929
12937
12949
12950
12964
12965
12973
12974
12997
13002
13010
13021
13022
13023
13024
13034
13036
13058
13061
13072
13097
13099
13111
13189
13192
13206
13216
13228
13262
13263
13345
13346
13383
13386
13392
13408
13410
13432
13453
13469
13490
13503
13513
13526
13530
13550
13563
13564
13573
13577
13589
13611
13617
13621
13632
13634
13653
13654
13663
13673
13682
13685
13692
13695
13701
13703
13715
13718
13720
13730
13745
13758
13766
13767
13790
13805
13815
13827
13828
13837
13841
13842
13862
13873
13877
13888
13901
13909
13925
13949
13958
13994
14003
14005
14027
14061
14081
14113
14121
14134
14158
14172
14185
14214
14227
14240
14265
14288
14296
14331
14345
14347
14356
14396
14419
14428
14429
14432
14453
14490
14516
14524
14560
14586
14587
14619
14620
14644
14656
14671
14705
14707
14743
14780
14790
14825
14837
14848
14849
14853
14862
14863
14883
14895
14896
14898
14908
14919
14920
14932
14935
14944
14945
14946
14955
14956
14969
14971
14980
14984
14993
15005
15019
15053
15064
15078
15124
15135
15138
15140
15147
15157
15171
15175
15183
15202
15245
15253
15255
15267
15277
15291
15295
15301
15318
15341
15343
15355
15357
15367
15388
15390
15405
15412
15424
15447
15484
15495
15555
15579
15593
15595
15617
15629
15652
15664
15690
15714
15724
15750
15760
15796
15797
15807
15846
15919
15927
15953
15977
15990
15996
16010
16012
16014
16026
16032
16034
16037
16060
16063
16076
16083
16091
16123
16124
16137
16169
16195
16198
16200
16208
16245
16246
16257
16270
16291
16303
16305
16309
16310
16315
16316
16320
16321
16323
16331
16339
16341
16353
16369
16370
16393
16447
16463
16488
16495
16496
16508
16510
16511
16521
16524
16535
16544
16557
16558
16568
16570
16572
16583
16598
16599
16604
16616
16621
16624
16640
16643
16652
16655
16664
16666
16669
16677
16688
16691
16693
16705
16712
16713
16723
16724
16797
16819
16822
16831
16837
16881
16883
16906
16923
16927
16940
16966
16978
16983
16984
16986
17004
17008
17023
17030
17031
17033
17038
17078
17082
17094
17112
17120
17122
17141
17149
17150
17161
17179
17189
17198
17199
17200
17209
17214
17222
17230
17233
17240
17241
17249
17250
17251
17252
17259
17261
17272
17320
17322
17349
17359
17382
17384
17397
17403
17405
17412
17433
17435
17436
17451
17453
17455
17469
17479
17483
17506
17507
17518
17525
17526
17531
17533
17536
17537
17548
17559
17590
17632
17651
17683
17685
17686
17700
17711
17712
17713
17720
17723
17732
17736
17741
17749
17757
17760
17762
17765
17771
17774
17803
17805
17811
17827
17843
17854
17855
17859
17860
17864
17871
17886
17896
17942
17945
18018
18026
18050
18122
18124
18134
18147
18150
18158
18161
18163
18164
18173
18183
18195
18207
18211
18221
18232
18233
18235
18244
18257
18267
18279
18290
18306
18314
18316
18339
18340
18374
18389
18402
18411
18414
18422
18434
18474
18483
18494
18495
18498
18519
18522
18539
18543
18546
18548
18549
18553
18565
18569
18572
18573
18581
18609
18639
18682
18700
18712
18722
18729
18732
18739
18742
18751
18763
18764
18775
18787
18799
18882
18883
18893
18895
18903
18909
18910
18932
18943
18950
18962
18983
19002
19003
19010
19047
19050
19074
19097
19108
19120
19124
19128
19136
19150
19152
19155
19181
19203
19204
19208
19215
19226
19229
19241
19260
19281
19296
19312
19313
19321
19323
19343
19345
19356
19378
19380
19415
19416
19427
19428
19487
19498
19507
19531
19532
19545
19556
19566
19570
19594
19605
19615
19627
19651
19652
19663
19664
19686
19702
19738
19752
19763
19785
19797
19799
19801
19803
19805
19807
19808
19809
19822
19824
19831
19832
19833
19834
19839
19850
19860
19874
19875
19886
19906
19916
19919
19945
19946
19969
19991
20005
20022
20049
20053
20055
20059
20061
20067
20069
20072
20082
20086
20092
20102
20121
20125
20152
20163
20186
20187
20198
20199
20202
20211
20221
20233
20258
20271
20289
20309
20317
20319
20323
20330
20365
20366
20368
20370
20378
20404
20417
20425
20450
20451
20453
20465
20474
20488
20498
20512
20525
20533
20534
20535
20565
20596
20599
20605
20608
20615
20616
20628
20634
20636
20638
20640
20650
20658
20675
20685
20696
20725
20727
20753
20755
20767
20778
20789
20814
20817
20826
20828
20838
20849
20850
20852
20858
20868
20869
20870
20876
20880
20882
20885
20891
20910
20925
20934
20946
20949
20971
20995
21007
21018
21033
21053
21054
21057
21065
21070
21078
21080
21212
21224
21238
21258
21273
21293
21294
21307
21329
21366
21377
21388
21402
21404
21406
21452
21469
21486
21498
21500
21501
21519
21546
21549
21557
21558
21581
21617
21627
21631
21639
21677
21689
21697
21698
21705
21706
21709
21711
21714
21716
21726
21740
21775
21779
21786
21800
21809
21812
21821
21847
21850
21870
21881
21884
21896
21898
21906
21945
21953
22043
22065
22073
22094
22109
22118
22129
22145
22156
22178
22202
22210
22223
22261
22263
22275
22287
22297
22368
22372
22394
22406
22418
22464
22478
22479
22493
22512
22524
22527
22536
22549
22561
22569
22581
22582
22596
22629
22630
22642
22643
22656
22664
22712
22717
22740
22749
22750
22760
22785
22798
22801
22811
22821
22824
22845
22857
22872
22908
22918
22929
22941
23026
23036
23037
23052
23063
23073
23084
23087
23096
23097
23101
23108
23109
23111
23133
23144
23147
23178
23202
23205
23234
23243
23250
23254
23255
23263
23298
23317
23329
23331
23354
23356
23388
23390
23397
23435
23446
23468
23480
23483
23603
23624
23638
23672
23673
23677
23684
23698
23711
23721
23723
23724
23725
23733
23746
23749
23768
23781
23809
23817
23858
23937
23962
23985
23987
23989
23992
23995
23997
24005
24012
24013
24016
24019
24028
24031
24033
24041
24084
24088
24097
24134
24145
24146
24150
24157
24185
24192
24206
24220
24221
24230
24243
24252
24256
24257
24288
24317
24318
24328
24346
24366
24367
24378
24380
24387
24458
24464
24483
24495
24509
24517
24521
24528
24529
24541
24545
24567
24568
24580
24582
24583
24585
24589
24594
24595
24607
24608
24609
24610
24619
24620
24621
24624
24627
24637
24639
24654
24662
24696
24697
24701
24734
24816
24857
24870
24880
24889
24902
24903
24928
24950
24955
24961
24973
24976
24982
25000
25009
25016
25024
25029
25120
25138
25145
25146
25149
25158
25166
25167
25178
25180
25186
25190
25195
25197
25200
25205
25219
25230
25236
25237
25239
25241
25247
25251
25255
25256
25258
25276
25281
25301
25315
25317
25327
25357
25359
25441
25474
25475
25484
25504
25510
25512
25515
25516
25521
25523
25524
25528
25546
25547
25552
